score: 171 0
5 5 634 2 209 114 125
3 5 604 1 99 239 210
1 645 604 1 62 187 191
1 5 574 1 198 218 14
3 85 574 1 246 73 63
5 165 574 1 93 107 88
2 645 574 1 179 94 238
5 5 544 2 235 59 225
5 85 544 2 46 57 5
2 165 544 1 242 127 180
3 5 514 1 80 156 181
5 85 514 2 255 74 10
5 645 514 2 32 94 232
5 5 484 2 7 207 238
3 85 484 1 154 114 72
3 645 484 1 252 16 190
4 5 454 1 3 24 166 CO
5 85 454 2 123 236 246
3 5 424 1 195 156 59
5 85 424 2 58 53 37
3 165 424 1 22 70 20
5 645 424 2 27 129 70
5 5 394 2 63 8 188
2 85 394 1 31 142 196
5 645 394 1 96 99 185
1 5 364 1 128 134 89
5 85 364 1 38 225 179
3 645 364 1 53 202 166
2 5 334 1 160 147 31
5 645 334 2 86 24 74
2 5 304 1 199 149 159
1 85 304 1 176 73 135
5 5 274 2 198 23 100
2 85 274 1 10 157 179
2 405 274 1 22 223 126
5 645 274 1 101 179 172
2 5 244 1 246 103 181
5 405 244 2 39 129 95
3 645 244 1 198 131 235
4 5 214 1 81 59 184 CO
4 85 214 1 200 204 124 SH
4 325 214 1 161 14 110 FA
1 405 214 1 191 52 96
3 645 214 1 55 102 190
3 5 184 1 244 160 118
2 85 184 1 67 168 49
3 325 184 1 89 110 91
1 405 184 1 240 140 122
3 645 184 1 231 229 207
4 5 154 1 6 248 73 SL
3 85 154 1 197 55 57
5 165 154 2 116 248 15
1 245 154 1 221 171 253
1 325 154 1 5 203 39
2 405 154 1 54 116 124
5 565 154 1 160 8 1
5 645 154 2 125 150 179
2 5 124 1 101 74 141
1 85 124 1 73 255 9
1 165 124 1 36 196 53
1 245 124 1 125 141 140
2 325 124 1 149 235 127
5 405 124 2 145 100 162
5 565 124 2 98 112 10
5 645 124 2 82 129 131
1 5 94 1 6 80 223
2 85 94 1 229 153 225
2 165 94 1 41 184 76
1 245 94 1 65 252 17
3 325 94 1 169 26 8
4 405 94 1 57 67 208 RA
4 565 94 1 150 163 48 RA
3 645 94 1 119 4 95
5 5 64 2 177 69 223
2 85 64 1 3 255 223
1 165 64 1 107 63 74
5 245 64 2 240 99 180
3 325 64 1 27 249 52
3 405 64 1 228 12 75
5 565 64 2 10 129 203
3 645 64 1 130 49 141
2 5 34 1 162 42 65
1 85 34 1 158 71 92
5 165 34 2 119 194 52
4 245 34 1 180 28 157 SH
5 325 34 2 140 101 35
4 405 34 1 34 160 217 SL
2 485 34 1 148 214 0
2 565 34 1 125 150 173
3 645 34 1 204 86 170
2 5 4 1 182 175 35
4 85 4 1 11 65 230 RA
1 165 4 1 188 35 65
3 245 4 1 0 1 145
1 325 4 1 119 54 79
4 405 4 1 20 111 216 SH
4 485 4 1 105 68 196 SL
1 565 4 1 125 100 214
1 645 4 1 82 122 120
