score: 0 2
1 5   34  1 0   0   255
1 5   64  1 64  64  64
1 5   94  1 255 255 0
1 85  34  1 0   255 0
3 85  64  1 0   0   0
2 85  94  1 192 192 192
5 85  124 2 255 0   255
1 165 34  1 255 0   200
1 245 34  1 200 60  100
4 245 64  1 255 0   0   FA
4 325 34  1 0   255 0   MU
4 325 64  1 0   255 0   MU
3 5   4   1 162 246 194
1 85  4   1 183 165 86
4 165 4   1 98  252 20  MU
5 245 4   2 87  106 106
3 325 4   1 96  216 157
5 405 4   2 26  54  117 
1 485 4   1 204 39  195
4 565 4   1 51  178 115 FA
4 645 4   1 239 132 179 FI
