score: 87 1
2 5 454 1 13 206 205
2 165 454 1 178 191 217
1 5 334 1 146 53 188
3 85 334 1 146 146 75
2 5 304 1 0 198 95
3 85 304 1 89 191 237
5 565 304 2 136 22 176
5 645 304 1 190 154 38
3 5 274 1 221 161 196
1 85 274 1 212 188 23
2 165 274 1 96 182 59
4 565 274 1 228 50 89 RA
4 645 274 1 131 97 120 FI
2 5 244 1 234 75 142
3 85 244 1 208 41 248
3 165 244 1 187 85 143
3 245 244 1 128 109 226
3 645 244 1 18 240 119
3 5 214 1 76 234 219
1 85 214 1 253 151 53
5 165 214 2 74 30 45
1 245 214 1 29 162 102
5 565 214 2 198 60 245
2 645 214 1 20 239 114
5 5 184 2 202 209 131
5 85 184 2 85 191 211
1 165 184 1 46 37 7
4 245 184 1 232 210 70 FA
3 325 184 1 69 51 247
2 565 184 1 57 180 109
5 645 184 2 177 113 94
5 5 154 2 1 154 231
1 85 154 1 179 145 166
3 165 154 1 60 122 204
5 245 154 2 196 154 165
5 325 154 2 27 39 147
1 565 154 1 38 137 221
4 645 154 1 219 63 240 FI
2 5 124 1 247 153 84
5 85 124 2 6 0 152
2 165 124 1 127 119 233
4 245 124 1 37 43 195 MU
4 325 124 1 111 75 215 FA
5 485 124 2 225 88 38
5 565 124 2 233 194 185
4 645 124 1 153 7 52 MU
5 5 94 2 193 205 142
5 85 94 2 240 51 107
2 165 94 1 202 90 2
2 245 94 1 116 99 54
4 325 94 1 61 217 203 RA
3 405 94 1 104 98 78
5 485 94 2 53 95 251
1 565 94 1 67 66 14
2 645 94 1 55 65 203
1 5 64 1 102 161 228
4 85 64 1 214 248 34 MU
3 165 64 1 244 212 205
1 245 64 1 89 72 97
4 325 64 1 131 23 254 SH
3 405 64 1 171 235 22
5 485 64 2 203 10 29
3 565 64 1 229 132 212
5 645 64 2 38 27 21
4 5 34 1 2 18 104 CO
2 85 34 1 222 138 52
2 165 34 1 20 120 205
1 245 34 1 210 192 231
1 325 34 1 87 130 184
5 405 34 2 2 195 71
2 485 34 1 213 167 91
5 565 34 2 177 14 251
2 645 34 1 81 120 0
3 5 4 1 116 6 17
5 85 4 2 141 230 105
4 165 4 1 248 125 207 FI
3 245 4 1 202 252 208
3 325 4 1 241 206 137
4 405 4 1 16 218 156 LO
1 485 4 1 181 89 124
4 565 4 1 190 65 159 SH
5 645 4 2 234 57 142
