score: 153 1
3 565 364 1 169 161 102
2 565 334 1 233 243 205
2 645 334 1 73 65 34
2 645 244 1 71 53 18
4 645 214 1 48 234 183 FI
2 645 184 1 191 80 195
2 85 154 1 171 50 169
4 485 154 1 68 241 74 CO
4 645 154 1 183 96 117 LO
2 5 124 1 242 82 184
3 485 124 1 53 124 166
3 565 124 1 181 75 87
5 645 124 2 137 23 156
1 5 94 1 196 181 190
5 405 94 1 89 147 2
1 485 94 1 95 66 233
5 565 94 2 237 58 197
1 645 94 1 222 234 102
4 5 64 1 231 174 207 SH
3 85 64 1 58 63 225
1 245 64 1 117 91 100
1 405 64 1 228 182 97
1 485 64 1 246 124 4
1 565 64 1 42 38 235
3 645 64 1 113 77 155
4 5 34 1 43 191 23 FA
1 85 34 1 84 221 202
2 165 34 1 28 231 69
3 245 34 1 179 160 184
4 325 34 1 164 198 211 MU
3 405 34 1 240 250 59
1 485 34 1 110 213 156
1 565 34 1 68 179 32
5 645 34 2 110 18 253
1 5 4 1 239 0 25
1 85 4 1 3 206 189
2 165 4 1 201 106 161
3 245 4 1 201 232 76
5 325 4 2 63 191 54
2 405 4 1 228 211 128
5 485 4 2 2 33 143
5 565 4 2 102 147 163
4 645 4 1 47 200 181 CO
