score: 3 2
5 85 64 2 134 151 129
5 165 64 2 153 102 226
4 245 64 1 90 241 252 SH
1 325 64 1 8 123 55
5 405 64 2 204 124 148
4 485 64 1 210 53 204 FI
3 565 64 1 162 211 198
5 645 64 1 197 112 201
2 5 34 1 13 206 205
2 85 34 1 209 48 81
2 165 34 1 178 191 217
5 245 34 2 190 33 127
4 325 34 1 141 104 153 FI
5 405 34 2 155 222 25
3 485 34 1 74 85 143
3 565 34 1 169 236 80
3 645 34 1 253 104 246
5 5 4 2 38 212 21
2 85 4 1 66 84 150
2 165 4 1 92 104 160
5 245 4 2 255 231 206
4 325 4 1 125 81 122 RA
2 405 4 1 248 167 43
5 485 4 2 74 134 247
4 565 4 1 125 83 169 SL
4 645 4 1 216 45 55 SH
