score: 93 2
4 5 244 1 78 22 132 MU
5 405 244 1 252 192 146
4 5 214 1 124 24 36 LO
2 245 214 1 9 110 109
3 405 214 1 131 3 63
5 5 184 2 136 226 204
1 405 184 1 245 228 155
5 485 184 1 159 99 91
1 5 154 1 61 195 57
4 405 154 1 79 173 128 FI
4 485 154 1 73 123 4 FI
3 5 124 1 119 217 97
5 405 124 2 111 86 86
1 485 124 1 205 161 8
4 5 94 1 113 55 232 CO
2 165 94 1 242 95 91
2 405 94 1 244 0 135
3 485 94 1 179 111 66
5 565 94 1 172 245 56
3 5 64 1 141 87 207
1 165 64 1 189 141 32
4 245 64 1 95 120 19 MU
1 405 64 1 14 100 197
2 485 64 1 108 37 210
3 565 64 1 230 207 106
4 645 64 1 13 228 57 LO
1 5 34 1 1 49 42
5 85 34 2 248 152 115
4 165 34 1 108 122 81 FI
1 245 34 1 210 21 183
1 325 34 1 180 231 250
1 405 34 1 166 118 112
1 485 34 1 55 208 236
2 565 34 1 222 140 109
3 645 34 1 228 145 119
4 5 4 1 199 193 50 SH
2 85 4 1 10 133 96
4 165 4 1 34 103 211 FI
1 245 4 1 85 134 24
2 325 4 1 81 199 115
4 405 4 1 185 231 97 LO
4 485 4 1 207 190 141 CO
4 565 4 1 160 235 83 CO
5 645 4 2 82 127 132
