score: 169 0
3 5 304 1 119 217 97
4 5 274 1 113 55 232 CO
3 5 244 1 141 87 207
1 5 214 1 1 49 42
3 5 154 1 187 240 68
5 5 124 2 41 185 158
1 5 94 1 209 30 119
2 485 94 1 5 156 124
2 5 64 1 97 128 84
3 85 64 1 65 148 180
4 245 64 1 137 149 63 FA
5 5 34 2 108 157 157
4 85 34 1 45 56 57 RA
2 165 34 1 251 58 143
3 245 34 1 165 13 1
3 325 34 1 60 255 49
2 565 34 1 125 60 200
2 645 34 1 101 183 121
2 5 4 1 108 232 55
2 85 4 1 196 130 71
2 165 4 1 98 54 1
4 245 4 1 137 117 209 CO
4 325 4 1 179 222 211 FA
3 405 4 1 101 249 105
4 485 4 1 20 71 24 SH
1 565 4 1 126 160 224
4 645 4 1 249 233 29 CO
