score: 0 3
2 85 244 1 192 192 192
1 245 184 1 200 60 100
3 5 154 1 69 191 120
2 245 154 1 48 177 47
2 325 154 1 202 229 85
5 645 154 1 77 136 77
1 5 124 1 57 216 101
1 85 124 1 53 100 206
1 165 124 1 245 62 184
3 245 124 1 158 229 149
3 405 124 1 107 31 46
4 645 124 1 203 161 57 SL
2 5 94 1 28 90 82
1 85 94 1 81 37 38
5 165 94 2 7 164 203
4 245 94 1 164 40 81 FI 
3 325 94 1 32 109 207
2 405 94 1 194 174 120
1 645 94 1 14 134 173
4 5 64 1 158 97 37 SH
2 85 64 1 223 167 192
5 165 64 2 185 44 21
5 245 64 2 92 177 70
2 325 64 1 20 148 132
4 405 64 1 135 157 205 LO
2 485 64 1 40 221 128
1 645 64 1 95 82 84
4 5 34 1 101 255 191 SH
3 85 34 1 213 246 149
3 165 34 1 95 254 160
5 245 34 2 77 211 203
5 325 34 2 194 37 173
2 405 34 1 27 4 12
3 485 34 1 255 50 97
5 565 34 2 115 239 170
5 645 34 2 56 161 229
4 5 4 1 126 50 112 CO
1 85 4 1 246 250 168
5 165 4 2 186 120 172
1 245 4 1 176 24 240
4 325 4 1 30 78 2 SL
1 405 4 1 71 38 151
2 485 4 1 245 108 135
1 565 4 1 181 206 227
5 645 4 2 30 29 133
